camera_matrix:
  cols: 3
  data: [491.46697248674167, 0.0, 335.0383157533274, 0.0, 491.63261558732177, 231.69887011468086,
    0.0, 0.0, 1.0]
  rows: 3
camera_name: duckiebot/camera_node
distortion_coefficients:
  cols: 5
  data: [0.1611573242587546, -0.2766977817234695, -0.007921814747583154, 0.010198613322848056,
    0.0]
  rows: 1
distortion_model: plumb_bob
image_height: 480
image_width: 640
projection_matrix:
  cols: 4
  data: [499.6112976074219, 0.0, 342.6426078355671, 0.0, 0.0, 505.8726806640625, 228.47710656627896,
    0.0, 0.0, 0.0, 1.0, 0.0]
  rows: 3
rectification_matrix:
  cols: 3
  data: [1.0, 0.0, 0.0, 0.0, 1.0, 0.0, 0.0, 0.0, 1.0]
  rows: 3
