camera_matrix:
  cols: 3
  data: [271.0774191318218, 0.0, 346.61980304026275, 0.0, 272.0402611589856, 215.2903320990309,
    0.0, 0.0, 1.0]
  rows: 3
camera_name: knightcar/camera_node
distortion_coefficients:
  cols: 5
  data: [-0.14826959603559497, 0.014517855227551009, -0.00852502413547576, 0.001580671541317241,
    0.0]
  rows: 1
distortion_model: plumb_bob
image_height: 480
image_width: 640
projection_matrix:
  cols: 4
  data: [190.3566436767578, 0.0, 374.0039062353826, 0.0, 0.0, 225.17941284179688,
    194.08509581905855, 0.0, 0.0, 0.0, 1.0, 0.0]
  rows: 3
rectification_matrix:
  cols: 3
  data: [1.0, 0.0, 0.0, 0.0, 1.0, 0.0, 0.0, 0.0, 1.0]
  rows: 3
