camera_matrix:
  cols: 3
  data: [339.2674309936499, 0.0, 327.9108118259242, 0.0, 342.8891832573111, 241.7177639431452,
    0.0, 0.0, 1.0]
  rows: 3
camera_name: littlecar/camera_node
distortion_coefficients:
  cols: 5
  data: [-0.29780585253762126, 0.06357086644096728, 0.00037136862052612377, -0.0005593418627701039,
    0.0]
  rows: 1
distortion_model: plumb_bob
image_height: 480
image_width: 640
projection_matrix:
  cols: 4
  data: [232.55467224121094, 0.0, 324.1543899724202, 0.0, 0.0, 279.0396728515625,
    242.62492382698838, 0.0, 0.0, 0.0, 1.0, 0.0]
  rows: 3
rectification_matrix:
  cols: 3
  data: [1.0, 0.0, 0.0, 0.0, 1.0, 0.0, 0.0, 0.0, 1.0]
  rows: 3
