baseline: 0.1
calibration_time: 2016-11-07-09-10-29
gain: 0.800000011920929
k: 27.0
limit: 1.0
radius: 0.0318
trim: 0.05000000074505806
