baseline: 0.1
calibration_time: 2016-07-06-10-47-50
gain: 1.100000023841858
k: 27.0
limit: 1.0
radius: 0.0318
trim: 0.009999999776482582
