baseline: 0.1
calibration_time: 2016-06-14-16-27-52
gain: 1.100000023841858
k: 27.0
limit: 1.0
radius: 0.0318
trim: -0.05000000074505806
